0	0	0	0	0	0	1.4013e-45	3.56e-34	1.4013e-45	2.05293e-29
0	0	0	0	0	0	1.4013e-45	3.56e-34	1.4013e-45	2.05293e-29
1.48062	0.435942	0	0	1.51393	0.44575	1.4013e-45	3.56e-34	1.4013e-45	2.05293e-29
1.72728	0.119864	2.18544	0.643464	2.29293	0.0486585	1.4013e-45	3.56e-34	1.4013e-45	2.05293e-29
2.69889	0.361879	2.18544	0.643464	4.05754	0.254523	1.4013e-45	3.56e-34	1.4013e-45	2.05293e-29
2.92062	0.584167	2.28972	0.29006	3.92989	1.73947	1.4013e-45	3.56e-34	1.4013e-45	2.05293e-29
4.04242	0.845268	2.26394	0.377421	7.01871	1.19102	1.4013e-45	3.56e-34	1.4013e-45	2.05293e-29
4.17233	0.906032	2.30386	0.39356	5.94208	1.78673	1.4013e-45	3.56e-34	1.4013e-45	2.05293e-29
5.17387	1.07548	2.29621	0.421112	9.29564	0.59341	1.4013e-45	3.56e-34	1.4013e-45	2.05293e-29
5.36004	1.1534	2.33391	0.433628	8.69862	3.11113	1.4013e-45	3.56e-34	1.4013e-45	2.05293e-29
6.36895	1.32055	2.3273	0.458404	11.7998	0.955977	1.4013e-45	3.56e-34	1.4013e-45	2.05293e-29
6.56387	1.37349	2.31043	0.487456	11.264	2.77377	1.4013e-45	3.56e-34	1.4013e-45	2.05293e-29
7.68803	1.61485	2.29355	0.556919	14.9477	2.57671	1.4013e-45	3.56e-34	1.4013e-45	2.05293e-29
7.88365	1.66014	2.3229	0.578715	13.6724	2.78235	1.4013e-45	3.56e-34	1.4013e-45	2.05293e-29
8.89105	1.85274	2.3123	0.622922	16.7425	2.45791	1.4013e-45	3.56e-34	1.4013e-45	2.05293e-29
9.09489	1.88883	2.3275	0.621149	16.3367	1.71637	1.4013e-45	3.56e-34	1.4013e-45	2.05293e-29
10.0905	2.09452	2.31457	0.676442	19.0382	3.2918	1.4013e-45	3.56e-34	1.4013e-45	2.05293e-29
10.2989	2.15138	2.37746	0.642098	18.1915	5.45053	1.4013e-45	3.56e-34	1.4013e-45	2.05293e-29
11.3554	2.39027	2.36032	0.716322	22.096	4.44491	1.4013e-45	3.56e-34	1.4013e-45	2.05293e-29
11.5891	2.44175	2.39161	0.765625	22.1345	3.84747	1.4013e-45	3.56e-34	1.4013e-45	2.05293e-29
12.5712	2.74473	2.36145	0.896536	23.4874	7.03533	1.4013e-45	3.56e-34	1.4013e-45	2.05293e-29
12.8184	2.79431	2.34483	1.18334	25.4611	2.38732	1.4013e-45	3.56e-34	1.4013e-45	2.05293e-29
13.7672	3.07022	2.31868	1.29659	25.5621	7.11705	1.4013e-45	3.56e-34	1.4013e-45	2.05293e-29
14.0104	3.13116	2.28061	1.62267	26.9514	7.48407	1.4013e-45	3.56e-34	1.4013e-45	2.05293e-29
15.0269	3.42287	2.25353	1.73879	28.9501	8.00966	1.4013e-45	3.56e-34	1.4013e-45	2.05293e-29
15.2678	3.48535	2.14924	2.47583	28.9775	9.23772	1.4013e-45	3.56e-34	1.4013e-45	2.05293e-29
16.2856	3.77348	2.12339	2.58506	31.5148	8.60672	1.4013e-45	3.56e-34	1.4013e-45	2.05293e-29
16.5383	3.8363	2.02838	3.19115	32.5666	8.76312	1.4013e-45	3.56e-34	1.4013e-45	2.05293e-29
17.6207	4.1672	1.99866	3.31167	35.0859	10.4285	1.4013e-45	3.56e-34	1.4013e-45	2.05293e-29
17.8662	4.23654	1.90684	3.85073	32.4571	15.6225	1.4013e-45	3.56e-34	1.4013e-45	2.05293e-29
18.9209	4.60451	1.87531	3.96793	37.0995	12.5355	1.4013e-45	3.56e-34	1.4013e-45	2.05293e-29
19.1819	4.66511	1.8182	4.2814	39.2642	5.58093	1.4013e-45	3.56e-34	1.4013e-45	2.05293e-29
20.2751	5.05071	1.79049	4.37389	40.4739	13.8658	1.4013e-45	3.56e-34	1.4013e-45	2.05293e-29
20.5294	5.12185	1.6933	4.88829	37.8338	18.4534	1.4013e-45	3.56e-34	1.4013e-45	2.05293e-29
21.6193	5.49444	1.67139	4.95317	43.1648	14.3441	1.4013e-45	3.56e-34	1.4013e-45	2.05293e-29
21.8787	5.56263	1.59958	5.32308	42.8095	14.4998	1.4013e-45	3.56e-34	1.4013e-45	2.05293e-29
22.9675	5.96492	1.58337	5.34966	45.7541	16.3003	1.4013e-45	3.56e-34	1.4013e-45	2.05293e-29
23.2298	6.03603	1.53945	5.56821	44.7345	18.169	1.4013e-45	3.56e-34	1.4013e-45	2.05293e-29
24.3144	6.42704	1.52817	5.57256	48.4087	16.8515	1.4013e-45	3.56e-34	1.4013e-45	2.05293e-29
24.5738	6.49917	1.52442	5.58513	45.9334	21.7283	1.4013e-45	3.56e-34	1.4013e-45	2.05293e-29
25.678	6.92091	1.51961	5.54903	51.5176	18.8841	1.4013e-45	3.56e-34	1.4013e-45	2.05293e-29
25.9396	6.99234	1.56018	5.34239	50.0336	19.7934	1.4013e-45	3.56e-34	1.4013e-45	2.05293e-29
26.9895	7.38574	1.55771	5.29999	52.9001	18.9501	1.4013e-45	3.56e-34	1.4013e-45	2.05293e-29
27.2559	7.45909	1.58306	5.17012	52.9363	21.3843	1.4013e-45	3.56e-34	1.4013e-45	2.05293e-29
28.3085	7.87879	1.58575	5.09449	55.5266	20.9314	1.4013e-45	3.56e-34	1.4013e-45	2.05293e-29
28.5716	7.95084	1.60063	5.0173	56.1808	19.574	1.4013e-45	3.56e-34	1.4013e-45	2.05293e-29
29.6185	8.37365	1.60448	4.93468	57.9898	22.0671	1.4013e-45	3.56e-34	1.4013e-45	2.05293e-29
29.8829	8.45532	1.74435	4.25708	45.2888	43.3616	1.4013e-45	3.56e-34	1.4013e-45	2.05293e-29
30.9687	8.88978	1.7471	4.17867	61.7708	23.4462	1.4013e-45	3.56e-34	1.4013e-45	2.05293e-29
31.2289	8.96895	1.82708	3.79226	50.4875	40.8977	1.4013e-45	3.56e-34	1.4013e-45	2.05293e-29
32.2685	9.36775	1.82531	3.74377	63.1171	23.0764	1.4013e-45	3.56e-34	1.4013e-45	2.05293e-29
32.5281	9.44935	1.96938	3.05775	46.4158	49.334	1.4013e-45	3.56e-34	1.4013e-45	2.05293e-29
33.563	9.83886	1.96451	3.02661	65.5934	23.6378	1.4013e-45	3.56e-34	1.4013e-45	2.05293e-29
33.8266	9.91247	2.0881	2.44381	68.2129	18.4375	1.4013e-45	3.56e-34	1.4013e-45	2.05293e-29
34.8602	10.2771	2.0784	2.44361	68.2168	23.4474	1.4013e-45	3.56e-34	1.4013e-45	2.05293e-29
35.1196	10.3481	2.19033	1.91794	71.9692	10.6384	1.4013e-45	3.56e-34	1.4013e-45	2.05293e-29
36.1501	10.6995	2.17787	1.9349	70.7338	23.7211	1.4013e-45	3.56e-34	1.4013e-45	2.05293e-29
36.4058	10.7719	2.29127	1.40316	71.9365	21.2185	1.4013e-45	3.56e-34	1.4013e-45	2.05293e-29
37.4291	11.1216	2.27743	1.42656	73.0532	24.5175	1.4013e-45	3.56e-34	1.4013e-45	2.05293e-29
37.6837	11.1916	2.41488	0.785811	76.9762	8.32276	1.4013e-45	3.56e-34	1.4013e-45	2.05293e-29
38.7051	11.539	2.39957	0.816663	75.5447	25.255	1.4013e-45	3.56e-34	1.4013e-45	2.05293e-29
38.9517	11.6089	2.49609	0.366126	76.5933	19.1087	1.4013e-45	3.56e-34	1.4013e-45	2.05293e-29
39.9482	11.9205	2.47987	0.411553	77.2079	24.3962	1.4013e-45	3.56e-34	1.4013e-45	2.05293e-29
40.1942	11.9883	2.61695	-0.225135	81.0973	6.28244	1.4013e-45	3.56e-34	1.4013e-45	2.05293e-29
41.1695	12.2919	2.60053	-0.177734	78.8621	24.8125	1.4013e-45	3.56e-34	1.4013e-45	2.05293e-29
41.4092	12.3606	2.7124	-0.698574	79.7166	22.9793	1.4013e-45	3.56e-34	1.4013e-45	2.05293e-29
42.3467	12.6438	2.69655	-0.64971	79.7723	24.6043	1.4013e-45	3.56e-34	1.4013e-45	2.05293e-29
42.5812	12.7076	2.86201	-1.41641	84.3052	-3.12822	1.4013e-45	3.56e-34	1.4013e-45	2.05293e-29
43.5208	12.9722	2.84717	-1.36566	82.2529	24.3277	1.4013e-45	3.56e-34	1.4013e-45	2.05293e-29
43.7524	13.0362	2.99848	-2.06873	86.2733	3.48731	1.4013e-45	3.56e-34	1.4013e-45	2.05293e-29
44.676	13.2912	2.98451	-2.01993	83.9126	24.5137	1.4013e-45	3.56e-34	1.4013e-45	2.05293e-29
44.9045	13.3543	3.13378	-2.71504	88.1446	1.92075	1.4013e-45	3.56e-34	1.4013e-45	2.05293e-29
45.8264	13.5705	3.12424	-2.67352	86.2311	23.0423	1.4013e-45	3.56e-34	1.4013e-45	2.05293e-29
46.049	13.6347	3.25791	-3.30111	85.1883	27.7193	1.4013e-45	3.56e-34	1.4013e-45	2.05293e-29
46.9369	13.8483	3.24898	-3.26417	86.9468	23.5349	1.4013e-45	3.56e-34	1.4013e-45	2.05293e-29
47.1517	13.9087	3.38419	-3.90169	89.2104	13.9831	1.4013e-45	3.56e-34	1.4013e-45	2.05293e-29
48.045	14.1127	3.37756	-3.87174	89.4308	23.5323	1.4013e-45	3.56e-34	1.4013e-45	2.05293e-29
48.2558	14.172	3.5204	-4.54994	90.5432	14.879	1.4013e-45	3.56e-34	1.4013e-45	2.05293e-29
49.1179	14.346	3.51859	-4.53449	90.1833	22.3977	1.4013e-45	3.56e-34	1.4013e-45	2.05293e-29
49.3207	14.4039	3.63212	-5.08048	88.5637	26.2864	1.4013e-45	3.56e-34	1.4013e-45	2.05293e-29
50.149	14.5611	3.63327	-5.07579	90.6553	21.9461	1.4013e-45	3.56e-34	1.4013e-45	2.05293e-29
50.3452	14.6179	3.72722	-5.53457	84.9184	38.2623	1.4013e-45	3.56e-34	1.4013e-45	2.05293e-29
51.156	14.7509	3.7335	-5.54702	91.8581	20.9606	1.4013e-45	3.56e-34	1.4013e-45	2.05293e-29
51.3486	14.8054	3.82885	-6.02057	90.6038	26.3319	1.4013e-45	3.56e-34	1.4013e-45	2.05293e-29
52.1268	14.9307	3.83656	-6.0399	92.1559	20.934	1.4013e-45	3.56e-34	1.4013e-45	2.05293e-29
52.3121	14.9818	3.91768	-6.45152	93.5846	14.2411	1.4013e-45	3.56e-34	1.4013e-45	2.05293e-29
53.0749	15.0928	3.9289	-6.48392	93.2884	20.4296	1.4013e-45	3.56e-34	1.4013e-45	2.05293e-29
53.2577	15.1431	4.00965	-6.90536	94.6578	16.0726	1.4013e-45	3.56e-34	1.4013e-45	2.05293e-29
54.0216	15.23	4.02746	-6.96098	95.2801	19.2354	1.4013e-45	3.56e-34	1.4013e-45	2.05293e-29
54.1983	15.2799	4.09938	-7.35406	90.382	34.0854	1.4013e-45	3.56e-34	1.4013e-45	2.05293e-29
54.9301	15.361	4.11798	-7.4146	95.3646	19.1983	1.4013e-45	3.56e-34	1.4013e-45	2.05293e-29
55.1029	15.411	4.17789	-7.76244	82.2689	52.4883	1.4013e-45	3.56e-34	1.4013e-45	2.05293e-29
55.8064	15.4989	4.19419	-7.81726	95.535	19.9477	1.4013e-45	3.56e-34	1.4013e-45	2.05293e-29
55.9774	15.544	4.23535	-8.07195	98.6432	-0.617929	1.4013e-45	3.56e-34	1.4013e-45	2.05293e-29
56.6541	15.6123	4.25569	-8.14224	95.7378	18.9641	1.4013e-45	3.56e-34	1.4013e-45	2.05293e-29
56.822	15.6587	4.283	-8.33397	93.5047	34.7612	1.4013e-45	3.56e-34	1.4013e-45	2.05293e-29
57.5274	15.7035	4.31145	-8.4343	99.1828	17.5722	1.4013e-45	3.56e-34	1.4013e-45	2.05293e-29
57.6876	15.7464	4.32676	-8.57275	97.562	19.525	1.4013e-45	3.56e-34	1.4013e-45	2.05293e-29
58.3671	15.7832	4.3562	-8.67851	99.34	17.2422	1.4013e-45	3.56e-34	1.4013e-45	2.05293e-29
58.5258	15.8256	4.36321	-8.80356	98.3198	21.999	1.4013e-45	3.56e-34	1.4013e-45	2.05293e-29
59.1895	15.8624	4.39191	-8.90852	100.035	17.4222	1.4013e-45	3.56e-34	1.4013e-45	2.05293e-29
59.3446	15.9027	4.38751	-8.98864	101.088	7.7151	1.4013e-45	3.56e-34	1.4013e-45	2.05293e-29
60.008	15.9284	4.41899	-9.10544	101.666	16.8018	1.4013e-45	3.56e-34	1.4013e-45	2.05293e-29
60.158	15.969	4.40274	-9.13411	93.5217	40.1328	1.4013e-45	3.56e-34	1.4013e-45	2.05293e-29
60.8102	15.9838	4.4361	-9.2596	102.586	16.1681	1.4013e-45	3.56e-34	1.4013e-45	2.05293e-29
60.9622	16.0217	4.41325	-9.24729	103.406	-7.14567	1.4013e-45	3.56e-34	1.4013e-45	2.05293e-29
61.5946	16.0243	4.44802	-9.37982	102.901	15.4193	1.4013e-45	3.56e-34	1.4013e-45	2.05293e-29
61.7417	16.0617	4.42043	-9.33594	102.82	15.0259	1.4013e-45	3.56e-34	1.4013e-45	2.05293e-29
62.3696	16.0627	4.4545	-9.46767	104.155	15.3933	1.4013e-45	3.56e-34	1.4013e-45	2.05293e-29
62.5162	16.0995	4.41789	-9.39067	104.838	9.49665	1.4013e-45	3.56e-34	1.4013e-45	2.05293e-29
63.1394	16.0917	4.45276	-9.5273	105.389	14.8235	1.4013e-45	3.56e-34	1.4013e-45	2.05293e-29
63.2848	16.128	4.41323	-9.43082	105.429	14.5423	1.4013e-45	3.56e-34	1.4013e-45	2.05293e-29
63.9062	16.1092	4.44925	-9.57385	106.816	14.0478	1.4013e-45	3.56e-34	1.4013e-45	2.05293e-29
64.052	16.1452	4.41696	-9.48742	106.804	16.0705	1.4013e-45	3.56e-34	1.4013e-45	2.05293e-29
64.6725	16.1211	4.45244	-9.63043	108.291	13.6823	1.4013e-45	3.56e-34	1.4013e-45	2.05293e-29
64.818	16.1564	4.39565	-9.46908	109.153	6.62146	1.4013e-45	3.56e-34	1.4013e-45	2.05293e-29
65.4509	16.1394	4.42826	-9.60294	110.714	14.2421	1.4013e-45	3.56e-34	1.4013e-45	2.05293e-29
65.5969	16.175	4.37761	-9.45271	109.02	21.0861	1.4013e-45	3.56e-34	1.4013e-45	2.05293e-29
66.2083	16.1289	4.41303	-9.60011	110.72	12.0154	1.4013e-45	3.56e-34	1.4013e-45	2.05293e-29
66.3503	16.1636	4.36982	-9.46738	106.55	32.2071	1.4013e-45	3.56e-34	1.4013e-45	2.05293e-29
66.978	16.1221	4.40247	-9.60612	113.439	12.3412	1.4013e-45	3.56e-34	1.4013e-45	2.05293e-29
67.1233	16.1572	4.37748	-9.52744	107.846	36.2387	1.4013e-45	3.56e-34	1.4013e-45	2.05293e-29
67.7536	16.12	4.40675	-9.65488	115.185	12.6696	1.4013e-45	3.56e-34	1.4013e-45	2.05293e-29
67.8979	16.1543	4.39324	-9.61167	109.411	35.21	1.4013e-45	3.56e-34	1.4013e-45	2.05293e-29
68.5252	16.1114	4.42047	-9.73338	116.506	12.1963	1.4013e-45	3.56e-34	1.4013e-45	2.05293e-29
68.6735	16.1451	4.39673	-9.65616	117.502	4.34761	1.4013e-45	3.56e-34	1.4013e-45	2.05293e-29
69.3165	16.0961	4.4222	-9.77372	119.303	11.6711	1.4013e-45	3.56e-34	1.4013e-45	2.05293e-29
69.4664	16.1301	4.43177	-9.80622	118.682	14.7662	1.4013e-45	3.56e-34	1.4013e-45	2.05293e-29
70.1175	16.1016	4.45166	-9.90236	121.518	13.3441	1.4013e-45	3.56e-34	1.4013e-45	2.05293e-29
70.2676	16.1353	4.46707	-9.95495	120.326	14.7627	1.4013e-45	3.56e-34	1.4013e-45	2.05293e-29
70.9119	16.0943	4.48505	-10.0463	122.573	12.3025	1.4013e-45	3.56e-34	1.4013e-45	2.05293e-29
71.0639	16.1278	4.49708	-10.088	123.049	8.63222	1.4013e-45	3.56e-34	1.4013e-45	2.05293e-29
71.7337	16.0842	4.51241	-10.1717	126.277	12.0478	1.4013e-45	3.56e-34	1.4013e-45	2.05293e-29
71.8887	16.1177	4.54247	-10.2757	125.854	0.961095	1.4013e-45	3.56e-34	1.4013e-45	2.05293e-29
72.5511	16.0949	4.55284	-10.3391	127.304	13.8345	1.4013e-45	3.56e-34	1.4013e-45	2.05293e-29
72.7092	16.1294	4.59142	-10.4733	126.933	20.355	1.4013e-45	3.56e-34	1.4013e-45	2.05293e-29
73.3985	16.1014	4.59924	-10.5296	131.218	13.3846	1.4013e-45	3.56e-34	1.4013e-45	2.05293e-29
73.5585	16.1355	4.63966	-10.6713	130.561	8.18858	1.4013e-45	3.56e-34	1.4013e-45	2.05293e-29
74.2413	16.1155	4.64397	-10.7141	132.36	14.1068	1.4013e-45	3.56e-34	1.4013e-45	2.05293e-29
74.404	16.1498	4.68657	-10.8643	133.103	8.52631	1.4013e-45	3.56e-34	1.4013e-45	2.05293e-29
75.1051	16.1474	4.68775	-10.8942	135.648	15.7065	1.4013e-45	3.56e-34	1.4013e-45	2.05293e-29
75.2719	16.1827	4.74008	-11.0794	134.962	20.7478	1.4013e-45	3.56e-34	1.4013e-45	2.05293e-29
75.9652	16.1791	4.73859	-11.0999	136.686	15.6604	1.4013e-45	3.56e-34	1.4013e-45	2.05293e-29
76.1333	16.2133	4.831	-11.4277	138.089	-12.2474	1.4013e-45	3.56e-34	1.4013e-45	2.05293e-29
76.8454	16.2356	4.82753	-11.4382	140.092	18.0879	1.4013e-45	3.56e-34	1.4013e-45	2.05293e-29
77.0149	16.272	4.90533	-11.7152	123.217	68.5329	1.4013e-45	3.56e-34	1.4013e-45	2.05293e-29
77.7355	16.2956	4.89971	-11.7183	142.639	18.3206	1.4013e-45	3.56e-34	1.4013e-45	2.05293e-29
77.9084	16.3305	4.93866	-11.8582	143.453	-10.4413	1.4013e-45	3.56e-34	1.4013e-45	2.05293e-29
78.6465	16.3725	4.93192	-11.8554	146.035	20.168	1.4013e-45	3.56e-34	1.4013e-45	2.05293e-29
78.822	16.4078	5.01664	-12.1591	146.439	-7.25958	1.4013e-45	3.56e-34	1.4013e-45	2.05293e-29
79.5635	16.4515	5.0083	-12.1505	148.185	20.4862	1.4013e-45	3.56e-34	1.4013e-45	2.05293e-29
79.7427	16.4877	5.08311	-12.4196	149.639	7.07411	1.4013e-45	3.56e-34	1.4013e-45	2.05293e-29
80.4932	16.5453	5.07433	-12.4077	150.881	21.9702	1.4013e-45	3.56e-34	1.4013e-45	2.05293e-29
80.6741	16.5812	5.14365	-12.6579	152.023	-9.19569	1.4013e-45	3.56e-34	1.4013e-45	2.05293e-29
81.4425	16.6515	5.13456	-12.6437	154.463	23.3881	1.4013e-45	3.56e-34	1.4013e-45	2.05293e-29
81.6262	16.6877	5.14966	-12.6996	153.784	-21.3053	1.4013e-45	3.56e-34	1.4013e-45	2.05293e-29
82.3877	16.7693	5.14103	-12.6852	155.702	24.6981	1.4013e-45	3.56e-34	1.4013e-45	2.05293e-29
82.575	16.8072	5.16438	-12.7708	154.309	36.829	1.4013e-45	3.56e-34	1.4013e-45	2.05293e-29
83.3475	16.9026	5.15652	-12.7576	158.687	26.3038	1.4013e-45	3.56e-34	1.4013e-45	2.05293e-29
83.5352	16.941	5.19712	-12.9055	148.201	62.2207	1.4013e-45	3.56e-34	1.4013e-45	2.05293e-29
84.3205	17.0547	5.19102	-12.8965	161.885	28.3997	1.4013e-45	3.56e-34	1.4013e-45	2.05293e-29
84.5113	17.0931	5.22612	-13.0247	158.597	41.4923	1.4013e-45	3.56e-34	1.4013e-45	2.05293e-29
85.2947	17.2039	5.21921	-13.0131	163.648	28.4056	1.4013e-45	3.56e-34	1.4013e-45	2.05293e-29
85.4878	17.2424	5.24115	-13.0941	165.437	21.4841	1.4013e-45	3.56e-34	1.4013e-45	2.05293e-29
86.2844	17.3656	5.23559	-13.086	166.949	29.9785	1.4013e-45	3.56e-34	1.4013e-45	2.05293e-29
86.4797	17.4049	5.28288	-13.2587	161.16	53.3017	1.4013e-45	3.56e-34	1.4013e-45	2.05293e-29
87.2865	17.5353	5.27801	-13.2525	170.001	31.0359	1.4013e-45	3.56e-34	1.4013e-45	2.05293e-29
87.4825	17.5738	5.31916	-13.4032	171.976	0.374481	1.4013e-45	3.56e-34	1.4013e-45	2.05293e-29
88.2925	17.7094	5.31502	-13.3989	172.344	31.9215	1.4013e-45	3.56e-34	1.4013e-45	2.05293e-29
88.4917	17.7499	5.32014	-13.4191	153.641	84.7528	1.4013e-45	3.56e-34	1.4013e-45	2.05293e-29
89.3085	17.9041	5.31937	-13.4245	175.093	34.2216	1.4013e-45	3.56e-34	1.4013e-45	2.05293e-29
89.5083	17.9442	5.31469	-13.4093	169.855	52.3093	1.4013e-45	3.56e-34	1.4013e-45	2.05293e-29
90.3249	18.0889	5.31198	-13.4091	177.104	33.6077	1.4013e-45	3.56e-34	1.4013e-45	2.05293e-29
90.5252	18.13	5.31591	-13.4249	138.458	115.166	1.4013e-45	3.56e-34	1.4013e-45	2.05293e-29
91.349	18.2868	5.3155	-13.4316	179.931	35.2746	1.4013e-45	3.56e-34	1.4013e-45	2.05293e-29
91.5516	18.3279	5.33675	-13.5103	161.193	86.8327	1.4013e-45	3.56e-34	1.4013e-45	2.05293e-29
92.3745	18.4855	5.33662	-13.5178	181.891	35.7578	1.4013e-45	3.56e-34	1.4013e-45	2.05293e-29
92.5791	18.5255	5.3124	-13.4318	185.077	-18.2882	1.4013e-45	3.56e-34	1.4013e-45	2.05293e-29
93.4056	18.6874	5.31318	-13.4421	184.341	36.6309	1.4013e-45	3.56e-34	1.4013e-45	2.05293e-29
93.6108	18.7278	5.28071	-13.3262	188.36	0.698383	1.4013e-45	3.56e-34	1.4013e-45	2.05293e-29
94.4441	18.8883	5.2809	-13.3349	187.168	36.8757	1.4013e-45	3.56e-34	1.4013e-45	2.05293e-29
94.651	18.9293	5.24876	-13.2201	189.726	24.4166	1.4013e-45	3.56e-34	1.4013e-45	2.05293e-29
95.4819	19.0952	5.25043	-13.2332	188.984	37.8789	1.4013e-45	3.56e-34	1.4013e-45	2.05293e-29
95.6869	19.1361	5.21555	-13.1085	186.699	47.0703	1.4013e-45	3.56e-34	1.4013e-45	2.05293e-29
96.5178	19.2896	5.21427	-13.1127	191.042	36.9059	1.4013e-45	3.56e-34	1.4013e-45	2.05293e-29
96.7255	19.3304	5.16711	-12.9434	195.849	-1.5749	1.4013e-45	3.56e-34	1.4013e-45	2.05293e-29
97.5609	19.4939	5.16813	-12.9547	193.657	38.4213	1.4013e-45	3.56e-34	1.4013e-45	2.05293e-29
97.7665	19.5345	5.13298	-12.829	195.379	25.0756	1.4013e-45	3.56e-34	1.4013e-45	2.05293e-29
98.6006	19.6877	5.13152	-12.8328	195.576	37.6544	1.4013e-45	3.56e-34	1.4013e-45	2.05293e-29
98.8066	19.7286	5.06174	-12.5812	195.573	38.2744	1.4013e-45	3.56e-34	1.4013e-45	2.05293e-29
99.6313	19.8773	5.05964	-12.583	196.544	37.5313	1.4013e-45	3.56e-34	1.4013e-45	2.05293e-29
99.8375	19.9185	4.9934	-12.3442	193.575	56.1521	1.4013e-45	3.56e-34	1.4013e-45	2.05293e-29
100.67	20.0538	4.98747	-12.3344	199.48	36.3572	1.4013e-45	3.56e-34	1.4013e-45	2.05293e-29
100.875	20.0947	4.90249	-12.0272	193.939	60.4206	1.4013e-45	3.56e-34	1.4013e-45	2.05293e-29
101.704	20.231	4.89696	-12.0186	201.236	36.8269	1.4013e-45	3.56e-34	1.4013e-45	2.05293e-29
101.907	20.2719	4.80171	-11.6737	175.274	104.761	1.4013e-45	3.56e-34	1.4013e-45	2.05293e-29
102.723	20.3937	4.79309	-11.6555	201.576	35.4619	1.4013e-45	3.56e-34	1.4013e-45	2.05293e-29
102.926	20.4339	4.71078	-11.3575	200.616	48.0333	1.4013e-45	3.56e-34	1.4013e-45	2.05293e-29
103.74	20.5585	4.70302	-11.3419	203.383	36.1141	1.4013e-45	3.56e-34	1.4013e-45	2.05293e-29
103.941	20.5987	4.61073	-11.0071	191.052	80.846	1.4013e-45	3.56e-34	1.4013e-45	2.05293e-29
104.758	20.7208	4.60218	-10.9892	205.849	36.1547	1.4013e-45	3.56e-34	1.4013e-45	2.05293e-29
104.959	20.7599	4.50694	-10.6434	208.934	4.27486	1.4013e-45	3.56e-34	1.4013e-45	2.05293e-29
105.773	20.8731	4.4962	-10.6188	207.518	35.387	1.4013e-45	3.56e-34	1.4013e-45	2.05293e-29
105.971	20.9123	4.39739	-10.2594	199.557	65.5402	1.4013e-45	3.56e-34	1.4013e-45	2.05293e-29
106.775	21.016	4.38476	-10.2289	208.171	34.5337	1.4013e-45	3.56e-34	1.4013e-45	2.05293e-29
106.973	21.0546	4.27757	-9.83836	210.41	23.0794	1.4013e-45	3.56e-34	1.4013e-45	2.05293e-29
107.766	21.1509	4.26357	-9.80356	208.823	33.8856	1.4013e-45	3.56e-34	1.4013e-45	2.05293e-29
107.961	21.1888	4.1661	-9.44804	211.835	17.6192	1.4013e-45	3.56e-34	1.4013e-45	2.05293e-29
108.748	21.2805	4.15133	-9.41091	209.897	33.5719	1.4013e-45	3.56e-34	1.4013e-45	2.05293e-29
108.94	21.3178	4.03699	-8.9928	210.488	31.0211	1.4013e-45	3.56e-34	1.4013e-45	2.05293e-29
109.722	21.4026	4.02077	-8.95127	211.285	32.9673	1.4013e-45	3.56e-34	1.4013e-45	2.05293e-29
109.913	21.4394	3.90095	-8.51227	213.24	19.629	1.4013e-45	3.56e-34	1.4013e-45	2.05293e-29
110.687	21.5185	3.88383	-8.46798	212.115	32.4782	1.4013e-45	3.56e-34	1.4013e-45	2.05293e-29
110.876	21.5544	3.78299	-8.09818	213.837	-19.6222	1.4013e-45	3.56e-34	1.4013e-45	2.05293e-29
111.64	21.6284	3.76518	-8.05183	212.841	32.042	1.4013e-45	3.56e-34	1.4013e-45	2.05293e-29
111.827	21.6645	3.66144	-7.67045	201.003	77.7822	1.4013e-45	3.56e-34	1.4013e-45	2.05293e-29
112.584	21.7367	3.64377	-7.62462	213.733	32.0235	1.4013e-45	3.56e-34	1.4013e-45	2.05293e-29
112.769	21.7717	3.53608	-7.22806	215.532	-22.0375	1.4013e-45	3.56e-34	1.4013e-45	2.05293e-29
113.522	21.8405	3.51803	-7.18121	215.064	31.8081	1.4013e-45	3.56e-34	1.4013e-45	2.05293e-29
113.706	21.8753	3.42525	-6.83911	217.389	8.87396	1.4013e-45	3.56e-34	1.4013e-45	2.05293e-29
114.45	21.9291	3.40413	-6.78303	215.703	30.0499	1.4013e-45	3.56e-34	1.4013e-45	2.05293e-29
114.632	21.9637	3.30585	-6.41968	211.424	53.9291	1.4013e-45	3.56e-34	1.4013e-45	2.05293e-29
115.373	22.0132	3.28413	-6.36203	217.186	29.6589	1.4013e-45	3.56e-34	1.4013e-45	2.05293e-29
115.552	22.0473	3.19256	-6.02281	206.864	71.1192	1.4013e-45	3.56e-34	1.4013e-45	2.05293e-29
116.286	22.0988	3.17204	-5.969	218.033	30.0756	1.4013e-45	3.56e-34	1.4013e-45	2.05293e-29
116.463	22.1323	3.09056	-5.6667	207.14	71.3618	1.4013e-45	3.56e-34	1.4013e-45	2.05293e-29
117.185	22.1726	3.06827	-5.60771	218.156	28.7317	1.4013e-45	3.56e-34	1.4013e-45	2.05293e-29
117.361	22.2055	2.97832	-5.27315	213.929	52.7139	1.4013e-45	3.56e-34	1.4013e-45	2.05293e-29
118.078	22.248	2.95726	-5.21811	219.121	29.1592	1.4013e-45	3.56e-34	1.4013e-45	2.05293e-29
118.252	22.2794	2.8669	-4.88147	200.999	-91.9478	1.4013e-45	3.56e-34	1.4013e-45	2.05293e-29
118.965	22.3159	2.84503	-4.82434	220.382	28.4813	1.4013e-45	3.56e-34	1.4013e-45	2.05293e-29
119.138	22.3477	2.77702	-4.57081	222.075	8.59391	1.4013e-45	3.56e-34	1.4013e-45	2.05293e-29
119.839	22.3757	2.75422	-4.51118	220.427	27.453	1.4013e-45	3.56e-34	1.4013e-45	2.05293e-29
120.01	22.4077	2.69756	-4.29966	200.885	97.0355	1.4013e-45	3.56e-34	1.4013e-45	2.05293e-29
120.716	22.4358	2.67511	-4.24155	222.889	27.587	1.4013e-45	3.56e-34	1.4013e-45	2.05293e-29
120.887	22.4671	2.62824	-4.06662	221.255	37.3586	1.4013e-45	3.56e-34	1.4013e-45	2.05293e-29
121.584	22.4896	2.60546	-4.00791	223.349	26.9172	1.4013e-45	3.56e-34	1.4013e-45	2.05293e-29
121.754	22.5203	2.56668	-3.86325	225.139	-15.416	1.4013e-45	3.56e-34	1.4013e-45	2.05293e-29
122.451	22.5394	2.54379	-3.80471	224.972	26.5572	1.4013e-45	3.56e-34	1.4013e-45	2.05293e-29
122.62	22.5695	2.51221	-3.68709	218.033	-61.9666	1.4013e-45	3.56e-34	1.4013e-45	2.05293e-29
123.318	22.5831	2.48869	-3.62728	226.923	25.8825	1.4013e-45	3.56e-34	1.4013e-45	2.05293e-29
123.486	22.6133	2.46321	-3.53251	227.9	-11.5813	1.4013e-45	3.56e-34	1.4013e-45	2.05293e-29
124.183	22.6236	2.43971	-3.47333	228.434	25.5136	1.4013e-45	3.56e-34	1.4013e-45	2.05293e-29
124.351	22.6533	2.4155	-3.38323	222.831	-55.3265	1.4013e-45	3.56e-34	1.4013e-45	2.05293e-29
125.051	22.6551	2.39077	-3.32124	230.721	24.3807	1.4013e-45	3.56e-34	1.4013e-45	2.05293e-29
125.219	22.6848	2.38901	-3.31653	230.695	5.33473	1.4013e-45	3.56e-34	1.4013e-45	2.05293e-29
125.909	22.6883	2.36566	-3.25899	230.981	24.6739	1.4013e-45	3.56e-34	1.4013e-45	2.05293e-29
126.077	22.718	2.36612	-3.26281	231.446	22.4656	1.4013e-45	3.56e-34	1.4013e-45	2.05293e-29
126.768	22.7174	2.34263	-3.20556	232.704	24.137	1.4013e-45	3.56e-34	1.4013e-45	2.05293e-29
126.936	22.7472	2.34994	-3.23564	233.424	27.4894	1.4013e-45	3.56e-34	1.4013e-45	2.05293e-29
127.631	22.7469	2.32707	-3.18091	235.04	24.2647	1.4013e-45	3.56e-34	1.4013e-45	2.05293e-29
127.8	22.7764	2.34829	-3.26455	235.895	17.2197	1.4013e-45	3.56e-34	1.4013e-45	2.05293e-29
128.493	22.779	2.32665	-3.2139	236.631	24.7388	1.4013e-45	3.56e-34	1.4013e-45	2.05293e-29
128.662	22.8086	2.36405	-3.36007	234.557	41.8644	1.4013e-45	3.56e-34	1.4013e-45	2.05293e-29
129.364	22.8101	2.34262	-3.31082	239.645	24.6688	1.4013e-45	3.56e-34	1.4013e-45	2.05293e-29
129.533	22.8394	2.38012	-3.45774	240.492	-0.892522	1.4013e-45	3.56e-34	1.4013e-45	2.05293e-29
130.243	22.8405	2.35901	-3.4102	242.623	24.6782	1.4013e-45	3.56e-34	1.4013e-45	2.05293e-29
130.413	22.8696	2.38231	-3.5026	241.896	-19.8183	1.4013e-45	3.56e-34	1.4013e-45	2.05293e-29
131.123	22.8698	2.36168	-3.45711	244.322	24.598	1.4013e-45	3.56e-34	1.4013e-45	2.05293e-29
131.294	22.8993	2.40401	-3.62342	242.751	36.1378	1.4013e-45	3.56e-34	1.4013e-45	2.05293e-29
132.007	22.9085	2.38541	-3.58407	246.607	26.027	1.4013e-45	3.56e-34	1.4013e-45	2.05293e-29
132.179	22.9378	2.43245	-3.76908	247.449	-4.00967	1.4013e-45	3.56e-34	1.4013e-45	2.05293e-29
132.89	22.9496	2.41488	-3.7331	248.127	26.4918	1.4013e-45	3.56e-34	1.4013e-45	2.05293e-29
133.063	22.9794	2.46645	-3.93604	236.457	82.139	1.4013e-45	3.56e-34	1.4013e-45	2.05293e-29
133.781	22.9845	2.44819	-3.89908	250.921	25.5701	1.4013e-45	3.56e-34	1.4013e-45	2.05293e-29
133.955	23.0139	2.49715	-4.09229	251.728	18.9512	1.4013e-45	3.56e-34	1.4013e-45	2.05293e-29
134.683	23.0344	2.48152	-4.06291	254.462	28.0282	1.4013e-45	3.56e-34	1.4013e-45	2.05293e-29
134.859	23.064	2.54121	-4.29842	255.522	-2.94138	1.4013e-45	3.56e-34	1.4013e-45	2.05293e-29
135.587	23.0859	2.52627	-4.27142	256.323	28.3559	1.4013e-45	3.56e-34	1.4013e-45	2.05293e-29
135.763	23.1156	2.5892	-4.51995	253.951	42.7849	1.4013e-45	3.56e-34	1.4013e-45	2.05293e-29
136.497	23.1484	2.57616	-4.49837	259.092	30.1604	1.4013e-45	3.56e-34	1.4013e-45	2.05293e-29
136.676	23.1781	2.63727	-4.7402	260.64	4.79874	1.4013e-45	3.56e-34	1.4013e-45	2.05293e-29
137.422	23.2146	2.62485	-4.7209	263.061	30.8902	1.4013e-45	3.56e-34	1.4013e-45	2.05293e-29
137.601	23.2447	2.69053	-4.98095	249.101	84.7675	1.4013e-45	3.56e-34	1.4013e-45	2.05293e-29
138.348	23.2879	2.67941	-4.96536	265.094	32.0882	1.4013e-45	3.56e-34	1.4013e-45	2.05293e-29
138.529	23.3179	2.74839	-5.23881	264.071	32.3863	1.4013e-45	3.56e-34	1.4013e-45	2.05293e-29
139.273	23.368	2.73862	-5.2269	266.431	33.3162	1.4013e-45	3.56e-34	1.4013e-45	2.05293e-29
139.456	23.398	2.79713	-5.45956	269.104	-8.45463	1.4013e-45	3.56e-34	1.4013e-45	2.05293e-29
140.204	23.4547	2.78845	-5.45074	269.015	34.5367	1.4013e-45	3.56e-34	1.4013e-45	2.05293e-29
140.389	23.4849	2.8672	-5.76336	271.765	-15.7417	1.4013e-45	3.56e-34	1.4013e-45	2.05293e-29
141.143	23.5493	2.85969	-5.75775	271.964	35.9682	1.4013e-45	3.56e-34	1.4013e-45	2.05293e-29
141.328	23.5794	2.9113	-5.96379	273.332	-20.3961	1.4013e-45	3.56e-34	1.4013e-45	2.05293e-29
142.086	23.6438	2.90394	-5.95899	274.641	36.1811	1.4013e-45	3.56e-34	1.4013e-45	2.05293e-29
142.273	23.6747	2.96201	-6.19064	255.566	108.842	1.4013e-45	3.56e-34	1.4013e-45	2.05293e-29
143.039	23.747	2.95572	-6.18878	277.871	37.6665	1.4013e-45	3.56e-34	1.4013e-45	2.05293e-29
143.227	23.7777	3.01295	-6.41734	274.315	55.8572	1.4013e-45	3.56e-34	1.4013e-45	2.05293e-29
143.999	23.8656	3.0087	-6.42047	280.879	40.4271	1.4013e-45	3.56e-34	1.4013e-45	2.05293e-29
144.188	23.8965	3.05498	-6.60598	273.805	71.2893	1.4013e-45	3.56e-34	1.4013e-45	2.05293e-29
144.961	23.9861	3.0511	-6.61023	282.977	40.9603	1.4013e-45	3.56e-34	1.4013e-45	2.05293e-29
145.152	24.017	3.10213	-6.81469	285.589	16.5409	1.4013e-45	3.56e-34	1.4013e-45	2.05293e-29
145.929	24.1134	3.09915	-6.82125	285.721	42.3387	1.4013e-45	3.56e-34	1.4013e-45	2.05293e-29
146.12	24.1446	3.14012	-6.98602	274.431	87.8061	1.4013e-45	3.56e-34	1.4013e-45	2.05293e-29
146.903	24.2481	3.13805	-6.99486	288.681	43.8041	1.4013e-45	3.56e-34	1.4013e-45	2.05293e-29
147.095	24.2793	3.17664	-7.15039	290.146	25.0353	1.4013e-45	3.56e-34	1.4013e-45	2.05293e-29
147.875	24.3888	3.17544	-7.16128	290.196	45.0609	1.4013e-45	3.56e-34	1.4013e-45	2.05293e-29
148.069	24.4199	3.21448	-7.31869	292.019	-35.1245	1.4013e-45	3.56e-34	1.4013e-45	2.05293e-29
148.857	24.5325	3.21362	-7.33062	293.495	45.8837	1.4013e-45	3.56e-34	1.4013e-45	2.05293e-29
149.052	24.564	3.24554	-7.4599	295.417	29.6792	1.4013e-45	3.56e-34	1.4013e-45	2.05293e-29
149.846	24.6811	3.24521	-7.47323	296.659	46.9676	1.4013e-45	3.56e-34	1.4013e-45	2.05293e-29
150.042	24.7127	3.27215	-7.58288	299.889	0.049768	1.4013e-45	3.56e-34	1.4013e-45	2.05293e-29
150.833	24.8307	3.27205	-7.59682	298.119	47.393	1.4013e-45	3.56e-34	1.4013e-45	2.05293e-29
151.029	24.8626	3.30442	-7.72789	279.174	115.007	1.4013e-45	3.56e-34	1.4013e-45	2.05293e-29
151.821	24.979	3.30422	-7.74181	300.155	47.418	1.4013e-45	3.56e-34	1.4013e-45	2.05293e-29
152.017	25.0106	3.32369	-7.8219	301.533	38.0962	1.4013e-45	3.56e-34	1.4013e-45	2.05293e-29
152.816	25.1338	3.32423	-7.83762	303.548	48.9223	1.4013e-45	3.56e-34	1.4013e-45	2.05293e-29
153.014	25.1659	3.34644	-7.9286	304.205	47.0225	1.4013e-45	3.56e-34	1.4013e-45	2.05293e-29
153.814	25.2874	3.34684	-7.94422	305.774	48.935	1.4013e-45	3.56e-34	1.4013e-45	2.05293e-29
154.013	25.3192	3.36883	-8.03441	307.847	-31.6639	1.4013e-45	3.56e-34	1.4013e-45	2.05293e-29
154.813	25.4415	3.3694	-8.05054	307.891	49.4006	1.4013e-45	3.56e-34	1.4013e-45	2.05293e-29
155.013	25.4734	3.37504	-8.07599	311.052	-28.1858	1.4013e-45	3.56e-34	1.4013e-45	2.05293e-29
155.82	25.5941	3.3754	-8.09197	311.144	49.4387	1.4013e-45	3.56e-34	1.4013e-45	2.05293e-29
156.019	25.6262	3.38008	-8.11362	313.76	17.0499	1.4013e-45	3.56e-34	1.4013e-45	2.05293e-29
156.822	25.7488	3.3808	-8.13038	312.297	50.076	1.4013e-45	3.56e-34	1.4013e-45	2.05293e-29
157.021	25.781	3.3828	-8.14138	310.667	60.4957	1.4013e-45	3.56e-34	1.4013e-45	2.05293e-29
157.82	25.8967	3.38291	-8.15702	313.478	49.1353	1.4013e-45	3.56e-34	1.4013e-45	2.05293e-29
158.02	25.929	3.38049	-8.15047	299.091	110.284	1.4013e-45	3.56e-34	1.4013e-45	2.05293e-29
158.825	26.0469	3.38081	-8.1668	316.812	49.8587	1.4013e-45	3.56e-34	1.4013e-45	2.05293e-29
159.024	26.0792	3.36701	-8.11517	306.546	93.3232	1.4013e-45	3.56e-34	1.4013e-45	2.05293e-29
159.83	26.1951	3.36719	-8.13139	318.891	49.8084	1.4013e-45	3.56e-34	1.4013e-45	2.05293e-29
160.029	26.2274	3.34993	-8.06599	287.877	144.838	1.4013e-45	3.56e-34	1.4013e-45	2.05293e-29
160.829	26.3368	3.34957	-8.08124	319.748	48.8889	1.4013e-45	3.56e-34	1.4013e-45	2.05293e-29
161.027	26.3688	3.33192	-8.01423	281.511	158.105	1.4013e-45	3.56e-34	1.4013e-45	2.05293e-29
161.83	26.4751	3.33128	-8.02918	322.263	48.639	1.4013e-45	3.56e-34	1.4013e-45	2.05293e-29
162.028	26.507	3.30203	-7.91616	314.414	84.1978	1.4013e-45	3.56e-34	1.4013e-45	2.05293e-29
162.824	26.6126	3.30149	-7.9313	322.951	48.746	1.4013e-45	3.56e-34	1.4013e-45	2.05293e-29
163.021	26.6442	3.2822	-7.85782	325.527	27.9592	1.4013e-45	3.56e-34	1.4013e-45	2.05293e-29
163.814	26.7406	3.28084	-7.87158	324.322	47.3362	1.4013e-45	3.56e-34	1.4013e-45	2.05293e-29
164.011	26.772	3.24458	-7.73064	326.087	35.9869	1.4013e-45	3.56e-34	1.4013e-45	2.05293e-29
164.799	26.8707	3.24361	-7.74517	325.287	47.9997	1.4013e-45	3.56e-34	1.4013e-45	2.05293e-29
164.994	26.9019	3.20934	-7.61206	326.207	39.7218	1.4013e-45	3.56e-34	1.4013e-45	2.05293e-29
165.782	26.9952	3.20791	-7.62595	327.203	47.2663	1.4013e-45	3.56e-34	1.4013e-45	2.05293e-29
165.976	27.0261	3.17169	-7.48496	329.576	-17.2997	1.4013e-45	3.56e-34	1.4013e-45	2.05293e-29
166.757	27.1163	3.17013	-7.49865	327.62	46.8943	1.4013e-45	3.56e-34	1.4013e-45	2.05293e-29
166.95	27.1469	3.13181	-7.34925	329.918	-30.0909	1.4013e-45	3.56e-34	1.4013e-45	2.05293e-29
167.727	27.2295	3.12964	-7.36198	328.635	45.6897	1.4013e-45	3.56e-34	1.4013e-45	2.05293e-29
167.918	27.2596	3.08912	-7.20371	325.337	-64.5925	1.4013e-45	3.56e-34	1.4013e-45	2.05293e-29
168.689	27.3377	3.08667	-7.21605	329.461	45.0465	1.4013e-45	3.56e-34	1.4013e-45	2.05293e-29
168.88	27.3682	3.05162	-7.07933	322.043	86.0044	1.4013e-45	3.56e-34	1.4013e-45	2.05293e-29
169.648	27.4481	3.04949	-7.09236	330.752	45.6102	1.4013e-45	3.56e-34	1.4013e-45	2.05293e-29
169.838	27.4782	3.00319	-6.91072	331.439	41.1015	1.4013e-45	3.56e-34	1.4013e-45	2.05293e-29
170.603	27.5495	3.00037	-6.92274	332.033	44.1724	1.4013e-45	3.56e-34	1.4013e-45	2.05293e-29
170.791	27.5793	2.95948	-6.76249	319.857	97.3321	1.4013e-45	3.56e-34	1.4013e-45	2.05293e-29
171.552	27.646	2.95637	-6.7742	333.104	43.4801	1.4013e-45	3.56e-34	1.4013e-45	2.05293e-29
171.739	27.6756	2.9079	-6.58349	330.532	58.0999	1.4013e-45	3.56e-34	1.4013e-45	2.05293e-29
172.494	27.7383	2.90461	-6.59501	333.651	42.8867	1.4013e-45	3.56e-34	1.4013e-45	2.05293e-29
172.68	27.7678	2.8616	-6.4259	310.93	128.299	1.4013e-45	3.56e-34	1.4013e-45	2.05293e-29
173.433	27.8313	2.85851	-6.43794	334.928	43.1967	1.4013e-45	3.56e-34	1.4013e-45	2.05293e-29
173.616	27.86	2.81715	-6.27535	336.524	1.04985	1.4013e-45	3.56e-34	1.4013e-45	2.05293e-29
174.359	27.9183	2.81381	-6.28705	334.741	42.3274	1.4013e-45	3.56e-34	1.4013e-45	2.05293e-29
174.543	27.9472	2.77575	-6.13742	321.459	105.041	1.4013e-45	3.56e-34	1.4013e-45	2.05293e-29
175.282	28.005	2.77251	-6.14948	335.815	42.3885	1.4013e-45	3.56e-34	1.4013e-45	2.05293e-29
175.464	28.0334	2.73705	-6.01018	336.122	41.1533	1.4013e-45	3.56e-34	1.4013e-45	2.05293e-29
176.201	28.0805	2.73302	-6.02126	336.981	40.4464	1.4013e-45	3.56e-34	1.4013e-45	2.05293e-29
176.382	28.1087	2.69756	-5.88181	338.713	27.6488	1.4013e-45	3.56e-34	1.4013e-45	2.05293e-29
177.113	28.1621	2.69426	-5.89415	337.686	41.8218	1.4013e-45	3.56e-34	1.4013e-45	2.05293e-29
177.293	28.1901	2.65902	-5.75538	335.172	58.8409	1.4013e-45	3.56e-34	1.4013e-45	2.05293e-29
178.021	28.2369	2.6553	-5.76735	338.739	40.6651	1.4013e-45	3.56e-34	1.4013e-45	2.05293e-29
178.2	28.2647	2.6265	-5.65437	333.132	74.6477	1.4013e-45	3.56e-34	1.4013e-45	2.05293e-29
178.925	28.3072	2.62257	-5.6663	339.86	39.9476	1.4013e-45	3.56e-34	1.4013e-45	2.05293e-29
179.103	28.3346	2.60286	-5.58982	340.174	-39.1368	1.4013e-45	3.56e-34	1.4013e-45	2.05293e-29
179.833	28.3718	2.59856	-5.60172	342.845	39.0479	1.4013e-45	3.56e-34	1.4013e-45	2.05293e-29
180.011	28.3989	2.5819	-5.53756	325.601	-110.029	1.4013e-45	3.56e-34	1.4013e-45	2.05293e-29
180.734	28.4342	2.57765	-5.5497	343.009	38.7442	1.4013e-45	3.56e-34	1.4013e-45	2.05293e-29
180.91	28.4614	2.56762	-5.51213	337.863	68.448	1.4013e-45	3.56e-34	1.4013e-45	2.05293e-29
181.631	28.4972	2.56357	-5.52484	344.178	38.9741	1.4013e-45	3.56e-34	1.4013e-45	2.05293e-29
181.807	28.5241	2.55171	-5.47988	345.01	-24.5073	1.4013e-45	3.56e-34	1.4013e-45	2.05293e-29
182.522	28.5559	2.54751	-5.49266	344.938	38.2584	1.4013e-45	3.56e-34	1.4013e-45	2.05293e-29
182.699	28.5829	2.54142	-5.47099	341.664	65.577	1.4013e-45	3.56e-34	1.4013e-45	2.05293e-29
183.415	28.6101	2.537	-5.4839	346.824	37.4569	1.4013e-45	3.56e-34	1.4013e-45	2.05293e-29
183.59	28.637	2.53222	-5.46748	313.634	151.254	1.4013e-45	3.56e-34	1.4013e-45	2.05293e-29
184.305	28.664	2.52792	-5.48091	348.48	37.5078	1.4013e-45	3.56e-34	1.4013e-45	2.05293e-29
184.48	28.6907	2.52962	-5.49081	333.29	106.754	1.4013e-45	3.56e-34	1.4013e-45	2.05293e-29
185.193	28.716	2.52534	-5.5046	349.642	37.2494	1.4013e-45	3.56e-34	1.4013e-45	2.05293e-29
185.368	28.7424	2.53198	-5.53466	346.807	57.8097	1.4013e-45	3.56e-34	1.4013e-45	2.05293e-29
186.082	28.763	2.52747	-5.54864	351.716	36.3835	1.4013e-45	3.56e-34	1.4013e-45	2.05293e-29
186.257	28.7895	2.54043	-5.60452	345.786	75.7115	1.4013e-45	3.56e-34	1.4013e-45	2.05293e-29
186.974	28.8118	2.53616	-5.61923	354.11	36.8445	1.4013e-45	3.56e-34	1.4013e-45	2.05293e-29
187.149	28.8382	2.54937	-5.67621	351.139	56.1806	1.4013e-45	3.56e-34	1.4013e-45	2.05293e-29
187.863	28.8613	2.54532	-5.69146	355.096	37.101	1.4013e-45	3.56e-34	1.4013e-45	2.05293e-29
188.039	28.8877	2.5722	-5.80435	353.682	55.7878	1.4013e-45	3.56e-34	1.4013e-45	2.05293e-29
188.753	28.9082	2.56807	-5.81996	357.072	36.6417	1.4013e-45	3.56e-34	1.4013e-45	2.05293e-29
188.929	28.9344	2.5964	-5.93901	359.054	-24.7077	1.4013e-45	3.56e-34	1.4013e-45	2.05293e-29
189.649	28.9584	2.59262	-5.95547	360.159	37.5241	1.4013e-45	3.56e-34	1.4013e-45	2.05293e-29
189.826	28.9846	2.6207	-6.07371	360.803	-36.4484	1.4013e-45	3.56e-34	1.4013e-45	2.05293e-29
190.551	29.0028	2.61659	-6.09045	363.186	36.3945	1.4013e-45	3.56e-34	1.4013e-45	2.05293e-29
190.729	29.0292	2.63874	-6.18451	355.869	79.8258	1.4013e-45	3.56e-34	1.4013e-45	2.05293e-29
191.456	29.0557	2.63531	-6.20225	365.596	38.2901	1.4013e-45	3.56e-34	1.4013e-45	2.05293e-29
191.634	29.082	2.66778	-6.33885	366.479	20.8752	1.4013e-45	3.56e-34	1.4013e-45	2.05293e-29
192.366	29.1109	2.6646	-6.35728	368.491	38.9311	1.4013e-45	3.56e-34	1.4013e-45	2.05293e-29
192.544	29.1373	2.69435	-6.48288	364.06	62.8362	1.4013e-45	3.56e-34	1.4013e-45	2.05293e-29
193.278	29.1686	2.69142	-6.5019	370.754	39.5653	1.4013e-45	3.56e-34	1.4013e-45	2.05293e-29
193.457	29.195	2.72332	-6.6365	356.658	106.066	1.4013e-45	3.56e-34	1.4013e-45	2.05293e-29
194.191	29.2253	2.72043	-6.65589	372.604	39.4583	1.4013e-45	3.56e-34	1.4013e-45	2.05293e-29
194.371	29.2516	2.74768	-6.77153	373.903	18.4914	1.4013e-45	3.56e-34	1.4013e-45	2.05293e-29
195.109	29.2875	2.74522	-6.79165	375.493	40.8036	1.4013e-45	3.56e-34	1.4013e-45	2.05293e-29
195.29	29.3139	2.78171	-6.94562	376.057	30.5945	1.4013e-45	3.56e-34	1.4013e-45	2.05293e-29
196.028	29.3559	2.77974	-6.96635	377.393	42.2772	1.4013e-45	3.56e-34	1.4013e-45	2.05293e-29
196.21	29.3826	2.81101	-7.09884	333.398	182.61	1.4013e-45	3.56e-34	1.4013e-45	2.05293e-29
196.956	29.4247	2.80908	-7.12012	381.159	42.4775	1.4013e-45	3.56e-34	1.4013e-45	2.05293e-29
197.138	29.4512	2.83825	-7.24413	379.267	50.0901	1.4013e-45	3.56e-34	1.4013e-45	2.05293e-29
